checkme 파일과 비교하면 됩니다.
(fixme 파일의 
1~1000번째 줄을 학습시키고
1001~2000번째 줄들을 실험한것)

[ 6.64517623614328e-9, 0.9995151467518028, 1.2809468965244803e-7 ]
[ 3.0937610681473593e-12, 0.00009561669328114561, 0.9981583079888025 ]
[ 0.9996577287245226, 0.003760770289822695, 5.334895796279596e-17 ]
[ 0.9998988602656872, 0.0007869012421415237, 2.013675087168019e-7 ]
[ 7.357773612007953e-12, 0.9999837285310252, 0.0009541456916473101 ]
[ 6.64517623614328e-9, 0.9995151467518028, 1.2809468965244803e-7 ]
[ 7.357773612007953e-12, 0.9999837285310252, 0.0009541456916473101 ]
[ 8.02137403470816e-12, 0.9999909123303333, 0.00047136375810411077 ]
[ 7.783484998510422e-12, 0.9999908614465628, 0.00048599599862335504 ]
[ 7.796469659281368e-12, 0.9999908643200386, 0.0004851713944688134 ]
[ 7.861797472377726e-12, 0.9999908786052802, 0.00048106914201806835 ]
[ 7.757595908821483e-12, 0.9999908556831592, 0.0004876493869499504 ]
[ 7.815997111355073e-12, 0.9999908686199965, 0.0004839370863337366 ]
[ 7.809481231105393e-12, 0.9999908671880471, 0.0004843481757183382 ]
[ 6.061338061999185e-9, 0.9995504413238241, 1.2381329256619772e-7 ]
[ 0.8028785002687524, 0.4090822367663292, 4.2046545392185e-8 ]
[ 0.9999669895642659, 0.00016614379623058908, 2.9952589280662943e-7 ]
[ 7.357773612007953e-12, 0.9999837285310252, 0.0009541456916473101 ]
[ 6.64517623614328e-9, 0.9995151467518028, 1.2809468965244803e-7 ]
[ 0.0021532599724226526, 0.9979448459929787, 8.908431667230623e-9 ]
[ 7.357773612007953e-12, 0.9999837285310252, 0.0009541456916473101 ]
[ 1.2877122229830908e-11, 0.9958275877817194, 0.002073000826349999 ]
[ 6.64517623614328e-9, 0.9995151467518028, 1.2809468965244803e-7 ]
[ 5.380531003403119e-7, 0.9999999983327015, 4.467611187333029e-12 ]
[ 0.013996472823662705, 0.015606915950355404, 2.300159534576694e-9 ]
[ 5.409974901608181e-7, 0.9999999983243975, 4.4728920919415345e-12 ]
[ 7.357773612007953e-12, 0.9999837285310252, 0.0009541456916473101 ]
[ 0.0007951787911157024, 6.238749856940688e-9, 0.9999676739294582 ]
[ 0.0019881898390151794, 1.3877324674957628e-9, 0.999986999957547 ]
[ 6.64517623614328e-9, 0.9995151467518028, 1.2809468965244803e-7 ]
[ 7.357773612007953e-12, 0.9999837285310252, 0.0009541456916473101 ]
[ 0.9998988602656872, 0.0007869012421415237, 2.013675087168019e-7 ]
[ 6.64517623614328e-9, 0.9995151467518028, 1.2809468965244803e-7 ]
[ 0.0019881898390151794, 1.3877324674957628e-9, 0.999986999957547 ]
[ 0.9996577287245226, 0.003760770289822695, 5.334895796279596e-17 ]
[ 0.0007951787911157024, 6.238749856940688e-9, 0.9999676739294582 ]
[ 7.357773612007953e-12, 0.9999837285310252, 0.0009541456916473101 ]
[ 6.64517623614328e-9, 0.9995151467518028, 1.2809468965244803e-7 ]
[ 7.357773612007953e-12, 0.9999837285310252, 0.0009541456916473101 ]
[ 6.64517623614328e-9, 0.9995151467518028, 1.2809468965244803e-7 ]
[ 7.300924731884259e-12, 0.9999837332763502, 0.0009598785528133335 ]
[ 6.64517623614328e-9, 0.9995151467518028, 1.2809468965244803e-7 ]
[ 6.918117459095197e-12, 0.9999837603681896, 0.001001024036922861 ]
[ 6.64517623614328e-9, 0.9995151467518028, 1.2809468965244803e-7 ]
[ 7.357773612007953e-12, 0.9999837285310252, 0.0009541456916473101 ]
[ 6.64517623614328e-9, 0.9995151467518028, 1.2809468965244803e-7 ]
[ 7.357773612007953e-12, 0.9999837285310252, 0.0009541456916473101 ]
[ 6.64517623614328e-9, 0.9995151467518028, 1.2809468965244803e-7 ]
[ 0.9987982419904288, 0.000022151107005183528, 0.00006014570878729462 ]
[ 7.357773612007953e-12, 0.9999837285310252, 0.0009541456916473101 ]
[ 6.64517623614328e-9, 0.9995151467518028, 1.2809468965244803e-7 ]
[ 0.001672826927235062, 0.9983457090481209, 8.5163302939667e-9 ]
[ 1.2877122229830908e-11, 0.9958275877817194, 0.002073000826349999 ]
[ 1.3498310228639292e-11, 0.9954632015238779, 0.001817661220252908 ]
[ 0.0021532599724226526, 0.9979448459929787, 8.908431667230623e-9 ]
[ 7.357773612007953e-12, 0.9999837285310252, 0.0009541456916473101 ]
[ 6.64517623614328e-9, 0.9995151467518028, 1.2809468965244803e-7 ]
[ 0.9999248992713187, 0.0006554163671224616, 1.4558023147572489e-7 ]
[ 0.9795493896392115, 0.06620951341738442, 6.502046709400402e-8 ]
[ 0.9795493896392115, 0.06620951341738442, 6.502046709400402e-8 ]
[ 0.9795493896392115, 0.06620951341738442, 6.502046709400402e-8 ]
[ 0.9795493896392115, 0.06620951341738442, 6.502046709400402e-8 ]
[ 0.9795493896392115, 0.06620951341738442, 6.502046709400402e-8 ]
[ 7.357773612007953e-12, 0.9999837285310252, 0.0009541456916473101 ]
[ 6.64517623614328e-9, 0.9995151467518028, 1.2809468965244803e-7 ]
[ 7.357773612007953e-12, 0.9999837285310252, 0.0009541456916473101 ]
[ 6.64517623614328e-9, 0.9995151467518028, 1.2809468965244803e-7 ]
[ 7.357773612007953e-12, 0.9999837285310252, 0.0009541456916473101 ]
[ 6.64517623614328e-9, 0.9995151467518028, 1.2809468965244803e-7 ]
[ 0.0007951787911157024, 6.238749856940688e-9, 0.9999676739294582 ]
[ 0.0019881898390151794, 1.3877324674957628e-9, 0.999986999957547 ]
[ 0.9976315531498328, 0.000022739333431503884, 1.9063429189077114e-11 ]
[ 0.9985151249681719, 0.004185435628065165, 9.87811570508866e-7 ]
[ 0.9984478356288452, 0.004324436446768382, 9.973848510556913e-7 ]
[ 0.006862363949436039, 2.6729432128181433e-7, 0.9904711546031019 ]
[ 7.357773612007953e-12, 0.9999837285310252, 0.0009541456916473101 ]
[ 0.9978680515486393, 0.000021090140048303903, 1.893052363948177e-11 ]
[ 6.64517623614328e-9, 0.9995151467518028, 1.2809468965244803e-7 ]
[ 0.0019881898390151794, 1.3877324674957628e-9, 0.999986999957547 ]
[ 3.0937610681473593e-12, 0.00009561669328114561, 0.9981583079888025 ]
[ 0.0007951787911157024, 6.238749856940688e-9, 0.9999676739294582 ]
[ 7.357773612007953e-12, 0.9999837285310252, 0.0009541456916473101 ]
[ 6.64517623614328e-9, 0.9995151467518028, 1.2809468965244803e-7 ]
[ 0.00008443325906077473, 0.9938836605920316, 0.0014281204771500135 ]
[ 0.9999999998010829, 3.499650961164444e-10, 1.1945485129449709e-14 ]
[ 0.00010490717029861014, 0.992894728994415, 0.001320555150713328 ]
[ 7.357773612007953e-12, 0.9999837285310252, 0.0009541456916473101 ]
[ 6.64517623614328e-9, 0.9995151467518028, 1.2809468965244803e-7 ]
[ 7.357773612007953e-12, 0.9999837285310252, 0.0009541456916473101 ]
[ 6.64517623614328e-9, 0.9995151467518028, 1.2809468965244803e-7 ]
[ 7.357773612007953e-12, 0.9999837285310252, 0.0009541456916473101 ]
[ 6.64517623614328e-9, 0.9995151467518028, 1.2809468965244803e-7 ]
[ 0.9998528739312018, 0.0012136891551115868, 1.3226872438868262e-7 ]
[ 0.9999966715295051, 4.1440863402955233e-7, 3.03291302396392e-13 ]
[ 0.9998913859417421, 0.0009354913397120997, 1.390776559338299e-7 ]
[ 0.0021532599724226526, 0.9979448459929787, 8.908431667230623e-9 ]
[ 1.2877122229830908e-11, 0.9958275877817194, 0.002073000826349999 ]
[ 7.357773612007953e-12, 0.9999837285310252, 0.0009541456916473101 ]
[ 6.64517623614328e-9, 0.9995151467518028, 1.2809468965244803e-7 ]
[ 7.357773612007953e-12, 0.9999837285310252, 0.0009541456916473101 ]
[ 6.64517623614328e-9, 0.9995151467518028, 1.2809468965244803e-7 ]
[ 7.357773612007953e-12, 0.9999837285310252, 0.0009541456916473101 ]
[ 6.64517623614328e-9, 0.9995151467518028, 1.2809468965244803e-7 ]
[ 0.0007951787911157024, 6.238749856940688e-9, 0.9999676739294582 ]
[ 0.0019881898390151794, 1.3877324674957628e-9, 0.999986999957547 ]
[ 0.0045525780273371055, 1.0399825710916336e-9, 0.9999552750652659 ]
[ 0.9999685398078247, 0.0003234091990400709, 1.5593747140578401e-7 ]
[ 7.357773612007953e-12, 0.9999837285310252, 0.0009541456916473101 ]
[ 0.001672826927235062, 0.9983457090481209, 8.5163302939667e-9 ]
[ 6.64517623614328e-9, 0.9995151467518028, 1.2809468965244803e-7 ]
[ 1.2877122229830908e-11, 0.9958275877817194, 0.002073000826349999 ]
[ 1.3498310228639292e-11, 0.9954632015238779, 0.001817661220252908 ]
[ 0.0021532599724226526, 0.9979448459929787, 8.908431667230623e-9 ]
[ 0.0019881898390151794, 1.3877324674957628e-9, 0.999986999957547 ]
[ 0.0007951787911157024, 6.238749856940688e-9, 0.9999676739294582 ]
[ 7.357773612007953e-12, 0.9999837285310252, 0.0009541456916473101 ]
[ 6.64517623614328e-9, 0.9995151467518028, 1.2809468965244803e-7 ]
[ 3.723443726580362e-9, 0.9996990482700193, 1.0383287113028475e-7 ]
[ 7.688169478185953e-12, 0.9999836976557692, 0.0009225569687667055 ]
[ 7.357773612007953e-12, 0.9999837285310252, 0.0009541456916473101 ]
[ 6.64517623614328e-9, 0.9995151467518028, 1.2809468965244803e-7 ]
[ 7.357773612007953e-12, 0.9999837285310252, 0.0009541456916473101 ]
[ 6.64517623614328e-9, 0.9995151467518028, 1.2809468965244803e-7 ]
[ 7.357773612007953e-12, 0.9999837285310252, 0.0009541456916473101 ]
[ 6.64517623614328e-9, 0.9995151467518028, 1.2809468965244803e-7 ]
[ 7.357773612007953e-12, 0.9999837285310252, 0.0009541456916473101 ]
[ 6.64517623614328e-9, 0.9995151467518028, 1.2809468965244803e-7 ]
[ 7.357773612007953e-12, 0.9999837285310252, 0.0009541456916473101 ]
[ 8.02137403470816e-12, 0.9999909123303333, 0.00047136375810411077 ]
[ 7.783484998510422e-12, 0.9999908614465628, 0.00048599599862335504 ]
[ 7.796469659281368e-12, 0.9999908643200386, 0.0004851713944688134 ]
[ 7.861797472377726e-12, 0.9999908786052802, 0.00048106914201806835 ]
[ 7.757595908821483e-12, 0.9999908556831592, 0.0004876493869499504 ]
[ 7.815997111355073e-12, 0.9999908686199965, 0.0004839370863337366 ]
[ 7.809481231105393e-12, 0.9999908671880471, 0.0004843481757183382 ]
[ 6.64517623614328e-9, 0.9995151467518028, 1.2809468965244803e-7 ]
[ 7.357773612007953e-12, 0.9999837285310252, 0.0009541456916473101 ]
[ 6.64517623614328e-9, 0.9995151467518028, 1.2809468965244803e-7 ]
[ 7.357773612007953e-12, 0.9999837285310252, 0.0009541456916473101 ]
[ 6.64517623614328e-9, 0.9995151467518028, 1.2809468965244803e-7 ]
[ 7.357773612007953e-12, 0.9999837285310252, 0.0009541456916473101 ]
[ 6.64517623614328e-9, 0.9995151467518028, 1.2809468965244803e-7 ]
[ 0.0007951787911157024, 6.238749856940688e-9, 0.9999676739294582 ]
[ 0.0019881898390151794, 1.3877324674957628e-9, 0.999986999957547 ]
[ 0.006862363949436039, 2.6729432128181433e-7, 0.9904711546031019 ]
[ 7.357773612007953e-12, 0.9999837285310252, 0.0009541456916473101 ]
[ 0.0021532599724226526, 0.9979448459929787, 8.908431667230623e-9 ]
[ 6.64517623614328e-9, 0.9995151467518028, 1.2809468965244803e-7 ]
[ 3.0937610681473593e-12, 0.00009561669328114561, 0.9981583079888025 ]
[ 1.2877122229830908e-11, 0.9958275877817194, 0.002073000826349999 ]
[ 0.0019881898390151794, 1.3877324674957628e-9, 0.999986999957547 ]
[ 0.0007951787911157024, 6.238749856940688e-9, 0.9999676739294582 ]
[ 7.357773612007953e-12, 0.9999837285310252, 0.0009541456916473101 ]
[ 0.9987982419904288, 0.000022151107005183528, 0.00006014570878729462 ]
[ 6.64517623614328e-9, 0.9995151467518028, 1.2809468965244803e-7 ]
[ 7.357773612007953e-12, 0.9999837285310252, 0.0009541456916473101 ]
[ 6.64517623614328e-9, 0.9995151467518028, 1.2809468965244803e-7 ]
[ 7.357773612007953e-12, 0.9999837285310252, 0.0009541456916473101 ]
[ 0.9999248992713187, 0.0006554163671224616, 1.4558023147572489e-7 ]
[ 6.64517623614328e-9, 0.9995151467518028, 1.2809468965244803e-7 ]
[ 7.357773612007953e-12, 0.9999837285310252, 0.0009541456916473101 ]
[ 6.64517623614328e-9, 0.9995151467518028, 1.2809468965244803e-7 ]
[ 6.918117459095197e-12, 0.9999837603681896, 0.001001024036922861 ]
[ 6.64517623614328e-9, 0.9995151467518028, 1.2809468965244803e-7 ]
[ 7.357773612007953e-12, 0.9999837285310252, 0.0009541456916473101 ]
[ 6.64517623614328e-9, 0.9995151467518028, 1.2809468965244803e-7 ]
[ 7.357773612007953e-12, 0.9999837285310252, 0.0009541456916473101 ]
[ 6.64517623614328e-9, 0.9995151467518028, 1.2809468965244803e-7 ]
[ 7.357773612007953e-12, 0.9999837285310252, 0.0009541456916473101 ]
[ 6.64517623614328e-9, 0.9995151467518028, 1.2809468965244803e-7 ]
[ 7.357773612007953e-12, 0.9999837285310252, 0.0009541456916473101 ]
[ 0.9984478356288452, 0.004324436446768382, 9.973848510556913e-7 ]
[ 6.64517623614328e-9, 0.9995151467518028, 1.2809468965244803e-7 ]
[ 0.9978680515486393, 0.000021090140048303903, 1.893052363948177e-11 ]
[ 0.9976315531498328, 0.000022739333431503884, 1.9063429189077114e-11 ]
[ 0.9985151249681719, 0.004185435628065165, 9.87811570508866e-7 ]
[ 0.0007951787911157024, 6.238749856940688e-9, 0.9999676739294582 ]
[ 0.0019881898390151794, 1.3877324674957628e-9, 0.999986999957547 ]
[ 7.357773612007953e-12, 0.9999837285310252, 0.0009541456916473101 ]
[ 0.0021532599724226526, 0.9979448459929787, 8.908431667230623e-9 ]
[ 6.64517623614328e-9, 0.9995151467518028, 1.2809468965244803e-7 ]
[ 1.2877122229830908e-11, 0.9958275877817194, 0.002073000826349999 ]
[ 0.9813255364955394, 0.0000021953188745656037, 0.007063950098692549 ]
[ 0.0019881898390151794, 1.3877324674957628e-9, 0.999986999957547 ]
[ 0.9841641975823786, 2.8002381978663813e-14, 0.0019898159651845584 ]
[ 7.357773612007953e-12, 0.9999837285310252, 0.0009541456916473101 ]
[ 0.0007951787911157024, 6.238749856940688e-9, 0.9999676739294582 ]
[ 6.64517623614328e-9, 0.9995151467518028, 1.2809468965244803e-7 ]
[ 0.00008443325906077473, 0.9938836605920316, 0.0014281204771500135 ]
[ 0.9999999998010829, 3.499650961164444e-10, 1.1945485129449709e-14 ]
[ 0.00008443325906077473, 0.9938836605920316, 0.0014281204771500135 ]
[ 0.9999999998010829, 3.499650961164444e-10, 1.1945485129449709e-14 ]
[ 0.00010490717029861014, 0.992894728994415, 0.001320555150713328 ]
[ 0.9999999998010531, 3.5010159212973656e-10, 1.2026170742216897e-14 ]
[ 7.357773612007953e-12, 0.9999837285310252, 0.0009541456916473101 ]
[ 6.64517623614328e-9, 0.9995151467518028, 1.2809468965244803e-7 ]
[ 7.357773612007953e-12, 0.9999837285310252, 0.0009541456916473101 ]
[ 6.64517623614328e-9, 0.9995151467518028, 1.2809468965244803e-7 ]
[ 7.357773612007953e-12, 0.9999837285310252, 0.0009541456916473101 ]
[ 6.64517623614328e-9, 0.9995151467518028, 1.2809468965244803e-7 ]
[ 7.357773612007953e-12, 0.9999837285310252, 0.0009541456916473101 ]
[ 6.64517623614328e-9, 0.9995151467518028, 1.2809468965244803e-7 ]
[ 7.357773612007953e-12, 0.9999837285310252, 0.0009541456916473101 ]
[ 6.64517623614328e-9, 0.9995151467518028, 1.2809468965244803e-7 ]
[ 7.357773612007953e-12, 0.9999837285310252, 0.0009541456916473101 ]
[ 6.64517623614328e-9, 0.9995151467518028, 1.2809468965244803e-7 ]
[ 7.357773612007953e-12, 0.9999837285310252, 0.0009541456916473101 ]
[ 6.64517623614328e-9, 0.9995151467518028, 1.2809468965244803e-7 ]
[ 7.357773612007953e-12, 0.9999837285310252, 0.0009541456916473101 ]
[ 6.64517623614328e-9, 0.9995151467518028, 1.2809468965244803e-7 ]
[ 0.006862363949436039, 2.6729432128181433e-7, 0.9904711546031019 ]
[ 0.0007951787911157024, 6.238749856940688e-9, 0.9999676739294582 ]
[ 0.0019881898390151794, 1.3877324674957628e-9, 0.999986999957547 ]
[ 0.9999779638675856, 0.0002060464902807682, 3.315039443246476e-11 ]
[ 3.0937610681473593e-12, 0.00009561669328114561, 0.9981583079888025 ]
[ 0.9999771239684238, 0.0002478076060365547, 1.6787851564430438e-7 ]
[ 7.357773612007953e-12, 0.9999837285310252, 0.0009541456916473101 ]
[ 0.0021532599724226526, 0.9979448459929787, 8.908431667230623e-9 ]
[ 6.64517623614328e-9, 0.9995151467518028, 1.2809468965244803e-7 ]
[ 1.2877122229830908e-11, 0.9958275877817194, 0.002073000826349999 ]
[ 0.0019881898390151794, 1.3877324674957628e-9, 0.999986999957547 ]
[ 7.357773612007953e-12, 0.9999837285310252, 0.0009541456916473101 ]
[ 0.0007951787911157024, 6.238749856940688e-9, 0.9999676739294582 ]
[ 6.64517623614328e-9, 0.9995151467518028, 1.2809468965244803e-7 ]
[ 7.357773612007953e-12, 0.9999837285310252, 0.0009541456916473101 ]
[ 0.9996577287245226, 0.003760770289822695, 5.334895796279596e-17 ]
[ 0.0015747772058838409, 0.9984293790306975, 8.424842167661397e-9 ]
[ 6.64517623614328e-9, 0.9995151467518028, 1.2809468965244803e-7 ]
[ 1.2877122229830908e-11, 0.9958275877817194, 0.002073000826349999 ]
[ 1.3498310228639292e-11, 0.9954632015238779, 0.001817661220252908 ]
[ 0.0021532599724226526, 0.9979448459929787, 8.908431667230623e-9 ]
[ 7.357773612007953e-12, 0.9999837285310252, 0.0009541456916473101 ]
[ 0.9998988602656872, 0.0007869012421415237, 2.013675087168019e-7 ]
[ 6.64517623614328e-9, 0.9995151467518028, 1.2809468965244803e-7 ]
[ 7.357773612007953e-12, 0.9999837285310252, 0.0009541456916473101 ]
[ 3.723443726580362e-9, 0.9996990482700193, 1.0383287113028475e-7 ]
[ 7.688169478185953e-12, 0.9999836976557692, 0.0009225569687667055 ]
[ 6.64517623614328e-9, 0.9995151467518028, 1.2809468965244803e-7 ]
[ 7.357773612007953e-12, 0.9999837285310252, 0.0009541456916473101 ]
[ 6.64517623614328e-9, 0.9995151467518028, 1.2809468965244803e-7 ]
[ 8.02137403470816e-12, 0.9999909123303333, 0.00047136375810411077 ]
[ 7.783484998510422e-12, 0.9999908614465628, 0.00048599599862335504 ]
[ 7.796469659281368e-12, 0.9999908643200386, 0.0004851713944688134 ]
[ 7.861797472377726e-12, 0.9999908786052802, 0.00048106914201806835 ]
[ 7.757595908821483e-12, 0.9999908556831592, 0.0004876493869499504 ]
[ 7.815997111355073e-12, 0.9999908686199965, 0.0004839370863337366 ]
[ 7.809481231105393e-12, 0.9999908671880471, 0.0004843481757183382 ]
[ 7.357773612007953e-12, 0.9999837285310252, 0.0009541456916473101 ]
[ 6.64517623614328e-9, 0.9995151467518028, 1.2809468965244803e-7 ]
[ 0.9920288162215231, 0.035311265499221, 6.523623896233343e-8 ]
[ 0.9999989443405382, 4.667866872840072e-10, 2.3145632924542972e-10 ]
[ 0.9973653509436377, 0.013867950968725794, 7.889053469403282e-8 ]
[ 7.357773612007953e-12, 0.9999837285310252, 0.0009541456916473101 ]
[ 6.64517623614328e-9, 0.9995151467518028, 1.2809468965244803e-7 ]
[ 0.0010166687730018286, 0.9989321579102581, 8.101190266357241e-9 ]
[ 0.013679093753192926, 0.9773617615150044, 2.590885089893294e-17 ]
[ 0.9987982419904288, 0.000022151107005183528, 0.00006014570878729462 ]
[ 7.357773612007953e-12, 0.9999837285310252, 0.0009541456916473101 ]
[ 6.64517623614328e-9, 0.9995151467518028, 1.2809468965244803e-7 ]
[ 5.380531003403119e-7, 0.9999999983327015, 4.467611187333029e-12 ]
[ 0.013996472823662705, 0.015606915950355404, 2.300159534576694e-9 ]
[ 5.409974901608181e-7, 0.9999999983243975, 4.4728920919415345e-12 ]
[ 7.357773612007953e-12, 0.9999837285310252, 0.0009541456916473101 ]
[ 6.64517623614328e-9, 0.9995151467518028, 1.2809468965244803e-7 ]
[ 0.9999248992713187, 0.0006554163671224616, 1.4558023147572489e-7 ]
[ 0.0007951787911157024, 6.238749856940688e-9, 0.9999676739294582 ]
[ 0.0019881898390151794, 1.3877324674957628e-9, 0.999986999957547 ]
[ 7.357773612007953e-12, 0.9999837285310252, 0.0009541456916473101 ]
[ 6.64517623614328e-9, 0.9995151467518028, 1.2809468965244803e-7 ]
[ 0.0019881898390151794, 1.3877324674957628e-9, 0.999986999957547 ]
[ 0.0007951787911157024, 6.238749856940688e-9, 0.9999676739294582 ]
[ 0.006165559087112556, 2.857174960675494e-7, 0.9905925182827235 ]
[ 2.606013406877082e-12, 0.0001077882310962501, 0.9981336801794004 ]
[ 7.357773612007953e-12, 0.9999837285310252, 0.0009541456916473101 ]
[ 0.0021532599724226526, 0.9979448459929787, 8.908431667230623e-9 ]
[ 6.64517623614328e-9, 0.9995151467518028, 1.2809468965244803e-7 ]
[ 1.2877122229830908e-11, 0.9958275877817194, 0.002073000826349999 ]
[ 7.357773612007953e-12, 0.9999837285310252, 0.0009541456916473101 ]
[ 6.64517623614328e-9, 0.9995151467518028, 1.2809468965244803e-7 ]
[ 7.357773612007953e-12, 0.9999837285310252, 0.0009541456916473101 ]
[ 6.64517623614328e-9, 0.9995151467518028, 1.2809468965244803e-7 ]
[ 7.357773612007953e-12, 0.9999837285310252, 0.0009541456916473101 ]
[ 6.64517623614328e-9, 0.9995151467518028, 1.2809468965244803e-7 ]
[ 7.357773612007953e-12, 0.9999837285310252, 0.0009541456916473101 ]
[ 6.64517623614328e-9, 0.9995151467518028, 1.2809468965244803e-7 ]
[ 6.918117459095197e-12, 0.9999837603681896, 0.001001024036922861 ]
[ 6.64517623614328e-9, 0.9995151467518028, 1.2809468965244803e-7 ]
[ 7.357773612007953e-12, 0.9999837285310252, 0.0009541456916473101 ]
[ 6.64517623614328e-9, 0.9995151467518028, 1.2809468965244803e-7 ]
[ 0.9999707093551937, 0.00031009110210763167, 1.608719124116299e-7 ]
[ 0.9999999996558873, 5.955304473713599e-10, 2.8762790655056235e-14 ]
[ 0.9976315531498328, 0.000022739333431503884, 1.9063429189077114e-11 ]
[ 0.9985151249681719, 0.004185435628065165, 9.87811570508866e-7 ]
[ 0.9984478356288452, 0.004324436446768382, 9.973848510556913e-7 ]
[ 0.9978680515486393, 0.000021090140048303903, 1.893052363948177e-11 ]
[ 7.357773612007953e-12, 0.9999837285310252, 0.0009541456916473101 ]
[ 6.64517623614328e-9, 0.9995151467518028, 1.2809468965244803e-7 ]
[ 0.0007951787911157024, 6.238749856940688e-9, 0.9999676739294582 ]
[ 0.0019881898390151794, 1.3877324674957628e-9, 0.999986999957547 ]
[ 7.357773612007953e-12, 0.9999837285310252, 0.0009541456916473101 ]
[ 6.64517623614328e-9, 0.9995151467518028, 1.2809468965244803e-7 ]
[ 0.00008443325906077473, 0.9938836605920316, 0.0014281204771500135 ]
[ 0.9999999998010445, 3.5012573095786617e-10, 1.2034135401800525e-14 ]
[ 0.9999999998010829, 3.499650961164444e-10, 1.1945485129449709e-14 ]
[ 0.00010490717029861014, 0.992894728994415, 0.001320555150713328 ]
[ 7.357773612007953e-12, 0.9999837285310252, 0.0009541456916473101 ]
[ 0.0019881898390151794, 1.3877324674957628e-9, 0.999986999957547 ]
[ 6.64517623614328e-9, 0.9995151467518028, 1.2809468965244803e-7 ]
[ 0.0007951787911157024, 6.238749856940688e-9, 0.9999676739294582 ]
[ 7.357773612007953e-12, 0.9999837285310252, 0.0009541456916473101 ]
[ 0.0021532599724226526, 0.9979448459929787, 8.908431667230623e-9 ]
[ 6.64517623614328e-9, 0.9995151467518028, 1.2809468965244803e-7 ]
[ 1.2877122229830908e-11, 0.9958275877817194, 0.002073000826349999 ]
[ 7.357773612007953e-12, 0.9999837285310252, 0.0009541456916473101 ]
[ 6.64517623614328e-9, 0.9995151467518028, 1.2809468965244803e-7 ]
[ 7.357773612007953e-12, 0.9999837285310252, 0.0009541456916473101 ]
[ 6.64517623614328e-9, 0.9995151467518028, 1.2809468965244803e-7 ]
[ 7.357773612007953e-12, 0.9999837285310252, 0.0009541456916473101 ]
[ 6.64517623614328e-9, 0.9995151467518028, 1.2809468965244803e-7 ]
[ 7.357773612007953e-12, 0.9999837285310252, 0.0009541456916473101 ]
[ 6.64517623614328e-9, 0.9995151467518028, 1.2809468965244803e-7 ]
[ 7.357773612007953e-12, 0.9999837285310252, 0.0009541456916473101 ]
[ 6.64517623614328e-9, 0.9995151467518028, 1.2809468965244803e-7 ]
[ 7.357773612007953e-12, 0.9999837285310252, 0.0009541456916473101 ]
[ 6.64517623614328e-9, 0.9995151467518028, 1.2809468965244803e-7 ]
[ 0.0007951787911157024, 6.238749856940688e-9, 0.9999676739294582 ]
[ 0.0019881898390151794, 1.3877324674957628e-9, 0.999986999957547 ]
[ 7.357773612007953e-12, 0.9999837285310252, 0.0009541456916473101 ]
[ 6.64517623614328e-9, 0.9995151467518028, 1.2809468965244803e-7 ]
[ 0.006862363949436039, 2.6729432128181433e-7, 0.9904711546031019 ]
[ 7.357773612007953e-12, 0.9999837285310252, 0.0009541456916473101 ]
[ 0.0019881898390151794, 1.3877324674957628e-9, 0.999986999957547 ]
[ 6.64517623614328e-9, 0.9995151467518028, 1.2809468965244803e-7 ]
[ 3.0937610681473593e-12, 0.00009561669328114561, 0.9981583079888025 ]
[ 0.0007951787911157024, 6.238749856940688e-9, 0.9999676739294582 ]
[ 7.357773612007953e-12, 0.9999837285310252, 0.0009541456916473101 ]
[ 0.0021532599724226526, 0.9979448459929787, 8.908431667230623e-9 ]
[ 6.64517623614328e-9, 0.9995151467518028, 1.2809468965244803e-7 ]
[ 1.2877122229830908e-11, 0.9958275877817194, 0.002073000826349999 ]
[ 7.357773612007953e-12, 0.9999837285310252, 0.0009541456916473101 ]
[ 0.9987982419904288, 0.000022151107005183528, 0.00006014570878729462 ]
[ 6.64517623614328e-9, 0.9995151467518028, 1.2809468965244803e-7 ]
[ 8.02137403470816e-12, 0.9999909123303333, 0.00047136375810411077 ]
[ 7.783484998510422e-12, 0.9999908614465628, 0.00048599599862335504 ]
[ 7.796469659281368e-12, 0.9999908643200386, 0.0004851713944688134 ]
[ 7.861797472377726e-12, 0.9999908786052802, 0.00048106914201806835 ]
[ 7.757595908821483e-12, 0.9999908556831592, 0.0004876493869499504 ]
[ 7.815997111355073e-12, 0.9999908686199965, 0.0004839370863337366 ]
[ 7.809481231105393e-12, 0.9999908671880471, 0.0004843481757183382 ]
[ 7.357773612007953e-12, 0.9999837285310252, 0.0009541456916473101 ]
[ 6.64517623614328e-9, 0.9995151467518028, 1.2809468965244803e-7 ]
[ 7.357773612007953e-12, 0.9999837285310252, 0.0009541456916473101 ]
[ 0.9999248992713187, 0.0006554163671224616, 1.4558023147572489e-7 ]
[ 6.64517623614328e-9, 0.9995151467518028, 1.2809468965244803e-7 ]
[ 3.723443726580362e-9, 0.9996990482700193, 1.0383287113028475e-7 ]
[ 7.688169478185953e-12, 0.9999836976557692, 0.0009225569687667055 ]
[ 7.357773612007953e-12, 0.9999837285310252, 0.0009541456916473101 ]
[ 6.64517623614328e-9, 0.9995151467518028, 1.2809468965244803e-7 ]
[ 7.357773612007953e-12, 0.9999837285310252, 0.0009541456916473101 ]
[ 6.64517623614328e-9, 0.9995151467518028, 1.2809468965244803e-7 ]
[ 7.357773612007953e-12, 0.9999837285310252, 0.0009541456916473101 ]
[ 0.004603249447960959, 2.9618971554544436e-9, 0.9999496091611054 ]
[ 0.9685426984680373, 2.3120098715453812e-14, 0.0389406302718813 ]
[ 6.64517623614328e-9, 0.9995151467518028, 1.2809468965244803e-7 ]
[ 0.0007951787911157024, 6.238749856940688e-9, 0.9999676739294582 ]
[ 0.0019881898390151794, 1.3877324674957628e-9, 0.999986999957547 ]
[ 0.9813255364955394, 0.0000021953188745656037, 0.007063950098692549 ]
[ 0.9841641975823786, 2.8002381978663813e-14, 0.0019898159651845584 ]
[ 7.357773612007953e-12, 0.9999837285310252, 0.0009541456916473101 ]
[ 6.64517623614328e-9, 0.9995151467518028, 1.2809468965244803e-7 ]
[ 0.0019881898390151794, 1.3877324674957628e-9, 0.999986999957547 ]
[ 0.0007951787911157024, 6.238749856940688e-9, 0.9999676739294582 ]
[ 0.0021532599724226526, 0.9979448459929787, 8.908431667230623e-9 ]
[ 7.357773612007953e-12, 0.9999837285310252, 0.0009541456916473101 ]
[ 1.2877122229830908e-11, 0.9958275877817194, 0.002073000826349999 ]
[ 6.64517623614328e-9, 0.9995151467518028, 1.2809468965244803e-7 ]
[ 7.357773612007953e-12, 0.9999837285310252, 0.0009541456916473101 ]
[ 6.64517623614328e-9, 0.9995151467518028, 1.2809468965244803e-7 ]
[ 7.357773612007953e-12, 0.9999837285310252, 0.0009541456916473101 ]
[ 6.64517623614328e-9, 0.9995151467518028, 1.2809468965244803e-7 ]
[ 7.357773612007953e-12, 0.9999837285310252, 0.0009541456916473101 ]
[ 6.64517623614328e-9, 0.9995151467518028, 1.2809468965244803e-7 ]
[ 7.357773612007953e-12, 0.9999837285310252, 0.0009541456916473101 ]
[ 6.64517623614328e-9, 0.9995151467518028, 1.2809468965244803e-7 ]
[ 7.357773612007953e-12, 0.9999837285310252, 0.0009541456916473101 ]
[ 6.64517623614328e-9, 0.9995151467518028, 1.2809468965244803e-7 ]
[ 6.918117459095197e-12, 0.9999837603681896, 0.001001024036922861 ]
[ 0.9984478356288452, 0.004324436446768382, 9.973848510556913e-7 ]
[ 6.64517623614328e-9, 0.9995151467518028, 1.2809468965244803e-7 ]
[ 0.9978680515486393, 0.000021090140048303903, 1.893052363948177e-11 ]
[ 0.9976315531498328, 0.000022739333431503884, 1.9063429189077114e-11 ]
[ 0.9985151249681719, 0.004185435628065165, 9.87811570508866e-7 ]
[ 7.357773612007953e-12, 0.9999837285310252, 0.0009541456916473101 ]
[ 6.64517623614328e-9, 0.9995151467518028, 1.2809468965244803e-7 ]
[ 7.357773612007953e-12, 0.9999837285310252, 0.0009541456916473101 ]
[ 0.00008443325906077473, 0.9938836605920316, 0.0014281204771500135 ]
[ 0.0007951787911157024, 6.238749856940688e-9, 0.9999676739294582 ]
[ 0.0019881898390151794, 1.3877324674957628e-9, 0.999986999957547 ]
[ 0.006862363949436039, 2.6729432128181433e-7, 0.9904711546031019 ]
[ 6.64517623614328e-9, 0.9995151467518028, 1.2809468965244803e-7 ]
[ 0.9999999998010829, 3.499650961164444e-10, 1.1945485129449709e-14 ]
[ 0.9999999998010829, 3.499650961164444e-10, 1.1945485129449709e-14 ]
[ 0.00010490717029861014, 0.992894728994415, 0.001320555150713328 ]
[ 3.0937610681473593e-12, 0.00009561669328114561, 0.9981583079888025 ]
[ 7.357773612007953e-12, 0.9999837285310252, 0.0009541456916473101 ]
[ 6.64517623614328e-9, 0.9995151467518028, 1.2809468965244803e-7 ]
[ 0.0019881898390151794, 1.3877324674957628e-9, 0.999986999957547 ]
[ 0.0007951787911157024, 6.238749856940688e-9, 0.9999676739294582 ]
[ 7.357773612007953e-12, 0.9999837285310252, 0.0009541456916473101 ]
[ 0.0021532599724226526, 0.9979448459929787, 8.908431667230623e-9 ]
[ 6.64517623614328e-9, 0.9995151467518028, 1.2809468965244803e-7 ]
[ 1.2877122229830908e-11, 0.9958275877817194, 0.002073000826349999 ]
[ 7.357773612007953e-12, 0.9999837285310252, 0.0009541456916473101 ]
[ 6.64517623614328e-9, 0.9995151467518028, 1.2809468965244803e-7 ]
[ 7.357773612007953e-12, 0.9999837285310252, 0.0009541456916473101 ]
[ 6.64517623614328e-9, 0.9995151467518028, 1.2809468965244803e-7 ]
[ 7.357773612007953e-12, 0.9999837285310252, 0.0009541456916473101 ]
[ 6.64517623614328e-9, 0.9995151467518028, 1.2809468965244803e-7 ]
[ 7.357773612007953e-12, 0.9999837285310252, 0.0009541456916473101 ]
[ 6.64517623614328e-9, 0.9995151467518028, 1.2809468965244803e-7 ]
[ 7.357773612007953e-12, 0.9999837285310252, 0.0009541456916473101 ]
[ 6.64517623614328e-9, 0.9995151467518028, 1.2809468965244803e-7 ]
[ 0.999999998625037, 3.2568449409865367e-9, 2.0311044945258181e-13 ]
[ 0.9999999985762635, 3.3925100354460015e-9, 2.1376809445190995e-13 ]
[ 7.357773612007953e-12, 0.9999837285310252, 0.0009541456916473101 ]
[ 0.9924658498505604, 0.011657444874881084, 0.000002380917130638868 ]
[ 0.9926747715040682, 0.011442786954301488, 0.0000023504428440714425 ]
[ 0.9980965294713521, 0.004740031765152661, 0.000001253215043692753 ]
[ 0.999999998556691, 3.447144424478881e-9, 2.1808280235496237e-13 ]
[ 0.999999998556691, 3.447144424478881e-9, 2.1808280235496237e-13 ]
[ 6.64517623614328e-9, 0.9995151467518028, 1.2809468965244803e-7 ]
[ 0.9999999985890942, 3.3567543677711828e-9, 2.109513480437073e-13 ]
[ 0.9981078471021964, 0.004721229301325738, 0.000001249901682330445 ]
[ 0.9977826293556034, 0.005248212807549873, 0.0000013405513371213763 ]
[ 0.9999999985762635, 3.3925100354460015e-9, 2.1376809445190995e-13 ]
[ 0.9999999987739665, 2.8469701485346936e-9, 1.714115138139095e-13 ]
[ 0.9981078471021964, 0.004721229301325738, 0.000001249901682330445 ]
[ 0.9980342468610977, 0.00484287006110288, 0.0000012712325926521172 ]
[ 0.9999999985762635, 3.3925100354460015e-9, 2.1376809445190995e-13 ]
[ 7.357773612007953e-12, 0.9999837285310252, 0.0009541456916473101 ]
[ 0.9976269808895374, 0.005491662197143732, 0.0000013809034257721658 ]
[ 0.9999779638675856, 0.0002060464902807682, 3.315039443246476e-11 ]
[ 6.64517623614328e-9, 0.9995151467518028, 1.2809468965244803e-7 ]
[ 0.9999771221567563, 0.00024782258953411047, 1.6787526984627041e-7 ]
[ 0.9999771239684238, 0.0002478076060365547, 1.6787851564430438e-7 ]
[ 0.9999999985762635, 3.3925100354460015e-9, 2.1376809445190995e-13 ]
[ 0.9999999989406694, 2.3963047186474307e-9, 1.3744328897543692e-13 ]
[ 0.9999999988091237, 2.7512016904127694e-9, 1.641153928164506e-13 ]
[ 0.9999780022035326, 0.000205618658621868, 3.2940308175764676e-11 ]
[ 0.9999771239684238, 0.0002478076060365547, 1.6787851564430438e-7 ]
[ 0.9999999988091237, 2.7512016904127694e-9, 1.641153928164506e-13 ]
[ 0.9981078471021964, 0.004721229301325738, 0.000001249901682330445 ]
[ 0.9975663226939997, 0.005585176345676696, 0.0000013961514922220362 ]
[ 0.9980908393720686, 0.004749471386038119, 0.000001254876254701705 ]
[ 0.9999999990388919, 2.134815854275318e-9, 1.1814210577422692e-13 ]
[ 0.9974977424726428, 0.005690037150929074, 0.0000014130844647655472 ]
[ 0.001672826927235062, 0.9983457090481209, 8.5163302939667e-9 ]
[ 0.999999998691484, 3.073146990278946e-9, 1.8880960308554747e-13 ]
[ 0.999999998691484, 3.073146990278946e-9, 1.8880960308554747e-13 ]
[ 0.9981078471021964, 0.004721229301325738, 0.000001249901682330445 ]
[ 7.357773612007953e-12, 0.9999837285310252, 0.0009541456916473101 ]
[ 1.2877122229830908e-11, 0.9958275877817194, 0.002073000826349999 ]
[ 1.3498310228639292e-11, 0.9954632015238779, 0.001817661220252908 ]
[ 0.0021532599724226526, 0.9979448459929787, 8.908431667230623e-9 ]
[ 6.64517623614328e-9, 0.9995151467518028, 1.2809468965244803e-7 ]
[ 0.0007951787911157024, 6.238749856940688e-9, 0.9999676739294582 ]
[ 0.0019881898390151794, 1.3877324674957628e-9, 0.999986999957547 ]
[ 0.9987982419904288, 0.000022151107005183528, 0.00006014570878729462 ]
[ 7.357773612007953e-12, 0.9999837285310252, 0.0009541456916473101 ]
[ 6.64517623614328e-9, 0.9995151467518028, 1.2809468965244803e-7 ]
[ 0.0019881898390151794, 1.3877324674957628e-9, 0.999986999957547 ]
[ 0.0007951787911157024, 6.238749856940688e-9, 0.9999676739294582 ]
[ 0.9999428343957291, 0.000636017859258118, 1.2566113264968825e-7 ]
[ 7.357773612007953e-12, 0.9999837285310252, 0.0009541456916473101 ]
[ 0.9999428343957291, 0.000636017859258118, 1.2566113264968825e-7 ]
[ 0.0010459120721010256, 0.9930982393798949, 0.0000029283320694137296 ]
[ 0.0010459120721010256, 0.9930982393798949, 0.0000029283320694137296 ]
[ 0.9996577287245226, 0.003760770289822695, 5.334895796279596e-17 ]
[ 6.64517623614328e-9, 0.9995151467518028, 1.2809468965244803e-7 ]
[ 0.9999752377778892, 0.0002491084173621998, 1.0838014349439616e-7 ]
[ 0.9999752407589779, 0.00024908108417184843, 1.0837914217645147e-7 ]
[ 0.000012504529733753998, 0.9940167701636725, 0.0048820850621939926 ]
[ 0.9999753377908408, 0.00024834752090632074, 1.0869672940489777e-7 ]
[ 0.000012504529733753998, 0.9940167701636725, 0.0048820850621939926 ]
[ 0.999975340719844, 0.0002483206257390523, 1.0869571221185311e-7 ]
[ 0.9999723046823935, 0.00027156341841496105, 1.008698022976724e-7 ]
[ 0.000012615306811524612, 0.9939937722197051, 0.00487341640009866 ]
[ 0.000004464834122683681, 0.9955423690756656, 0.00473066249448042 ]
[ 0.000012615306811524612, 0.9939937722197051, 0.00487341640009866 ]
[ 0.9999723091964484, 0.0002715234722815723, 1.0086922817187722e-7 ]
[ 0.9999753377908408, 0.00024834752090632074, 1.0869672940489777e-7 ]
[ 0.000012615306811524612, 0.9939937722197051, 0.00487341640009866 ]
[ 0.000004464834122683681, 0.9955423690756656, 0.00473066249448042 ]
[ 0.000012615306811524612, 0.9939937722197051, 0.00487341640009866 ]
[ 0.999975340719844, 0.0002483206257390523, 1.0869571221185311e-7 ]
[ 0.9999753377908408, 0.00024834752090632074, 1.0869672940489777e-7 ]
[ 0.000012615306811524612, 0.9939937722197051, 0.00487341640009866 ]
[ 0.999975340719844, 0.0002483206257390523, 1.0869571221185311e-7 ]
[ 0.000012615306811524612, 0.9939937722197051, 0.00487341640009866 ]
[ 0.9984862136531598, 0.00785178790990908, 1.2588472766201274e-7 ]
[ 0.9984862136531598, 0.00785178790990908, 1.2588472766201274e-7 ]
[ 0.9984862136531598, 0.00785178790990908, 1.2588472766201274e-7 ]
[ 0.9999630073728747, 0.0003684710914935622, 1.298855857373192e-7 ]
[ 0.999963013830181, 0.0003684147690408818, 1.2988793184208656e-7 ]
[ 0.9981191936179608, 0.0002872107932412795, 0.000004512667821614734 ]
[ 0.9981191936179608, 0.0002872107932412795, 0.000004512667821614734 ]
[ 0.9999633181634164, 0.00036587025272688046, 1.3019079379912246e-7 ]
[ 0.9999633244752076, 0.0003658151156054988, 1.3019309847600453e-7 ]
[ 0.9999538776606995, 0.00044365818721986747, 1.2246792964101208e-7 ]
[ 0.9999538886468945, 0.0004435659528274446, 1.2247129014436475e-7 ]
[ 0.9981225317202269, 0.00028783047821388, 0.000004520510116185442 ]
[ 0.9980246058476643, 0.0002657066024913902, 0.000004219954374189109 ]
[ 0.9980429299414668, 0.0001320817416965453, 0.0000020376565003531244 ]
[ 0.9999633181634164, 0.00036587025272688046, 1.3019079379912246e-7 ]
[ 0.9981225317202269, 0.00028783047821388, 0.000004520510116185442 ]
[ 0.9980246058476643, 0.0002657066024913902, 0.000004219954374189109 ]
[ 0.9980429299414668, 0.0001320817416965453, 0.0000020376565003531244 ]
[ 0.9999633181634164, 0.00036587025272688046, 1.3019079379912246e-7 ]
[ 0.9980429299414668, 0.0001320817416965453, 0.0000020376565003531244 ]
[ 0.9979673975443017, 0.0002459922735503335, 0.000003926139997532428 ]
[ 0.9999633244752076, 0.0003658151156054988, 1.3019309847600453e-7 ]
[ 0.9999633244752076, 0.0003658151156054988, 1.3019309847600453e-7 ]
[ 0.9980429299414668, 0.0001320817416965453, 0.0000020376565003531244 ]
[ 0.9979673975443017, 0.0002459922735503335, 0.000003926139997532428 ]
[ 0.9999633181634164, 0.00036587025272688046, 1.3019079379912246e-7 ]
[ 0.9999633244752076, 0.0003658151156054988, 1.3019309847600453e-7 ]
[ 0.9999633181634164, 0.00036587025272688046, 1.3019079379912246e-7 ]
[ 0.9981225317202269, 0.00028783047821388, 0.000004520510116185442 ]
[ 0.9999633244752076, 0.0003658151156054988, 1.3019309847600453e-7 ]
[ 0.9981225317202269, 0.00028783047821388, 0.000004520510116185442 ]
[ 0.9984862136531598, 0.00785178790990908, 1.2588472766201274e-7 ]
[ 0.9999630202847009, 0.0003683584693289842, 1.2989027687878356e-7 ]
[ 0.999963026740663, 0.00036830215547510315, 1.2989262238327242e-7 ]
[ 0.9981191936179608, 0.0002872107932412795, 0.000004512667821614734 ]
[ 0.9981191936179608, 0.0002872107932412795, 0.000004512667821614734 ]
[ 0.9999633307842902, 0.00036576000063162254, 1.301954020950446e-7 ]
[ 0.9999633370947971, 0.0003657048716986216, 1.3019770616497325e-7 ]
[ 0.9999538996276969, 0.00044347376046222195, 1.2247464935659985e-7 ]
[ 0.9999539106103003, 0.0004433815497273051, 1.2247800947795502e-7 ]
[ 0.9981225317202269, 0.00028783047821388, 0.000004520510116185442 ]
[ 0.9980246058476643, 0.0002657066024913902, 0.000004219954374189109 ]
[ 0.9980429299414668, 0.0001320817416965453, 0.0000020376565003531244 ]
[ 0.9980429299414668, 0.0001320817416965453, 0.0000020376565003531244 ]
[ 0.9979673975443017, 0.0002459922735503335, 0.000003926139997532428 ]
[ 0.9981225317202269, 0.00028783047821388, 0.000004520510116185442 ]
[ 0.9980246058476643, 0.0002657066024913902, 0.000004219954374189109 ]
[ 0.9980429299414668, 0.0001320817416965453, 0.0000020376565003531244 ]
[ 0.9980429299414668, 0.0001320817416965453, 0.0000020376565003531244 ]
[ 0.9979673975443017, 0.0002459922735503335, 0.000003926139997532428 ]
[ 0.9999633307842902, 0.00036576000063162254, 1.301954020950446e-7 ]
[ 0.9999633307842902, 0.00036576000063162254, 1.301954020950446e-7 ]
[ 0.9999633307842902, 0.00036576000063162254, 1.301954020950446e-7 ]
[ 0.9999633370947971, 0.0003657048716986216, 1.3019770616497325e-7 ]
[ 0.9999633370947971, 0.0003657048716986216, 1.3019770616497325e-7 ]
[ 0.9999633370947971, 0.0003657048716986216, 1.3019770616497325e-7 ]
[ 0.9999633307842902, 0.00036576000063162254, 1.301954020950446e-7 ]
[ 0.9981225317202269, 0.00028783047821388, 0.000004520510116185442 ]
[ 0.9999633370947971, 0.0003657048716986216, 1.3019770616497325e-7 ]
[ 0.9981225317202269, 0.00028783047821388, 0.000004520510116185442 ]
[ 0.9999248992713187, 0.0006554163671224616, 1.4558023147572489e-7 ]
[ 8.478779891311226e-10, 0.9999971103072994, 0.21003446530547215 ]
[ 7.357773612007953e-12, 0.9999837285310252, 0.0009541456916473101 ]
[ 0.9999999213516175, 1.9138715758974323e-7, 6.3883836623430344e-15 ]
[ 0.9998988602656872, 0.0007869012421415237, 2.013675087168019e-7 ]
[ 6.64517623614328e-9, 0.9995151467518028, 1.2809468965244803e-7 ]
[ 7.357773612007953e-12, 0.9999837285310252, 0.0009541456916473101 ]
[ 6.64517623614328e-9, 0.9995151467518028, 1.2809468965244803e-7 ]
[ 8.02137403470816e-12, 0.9999909123303333, 0.00047136375810411077 ]
[ 7.783484998510422e-12, 0.9999908614465628, 0.00048599599862335504 ]
[ 7.796469659281368e-12, 0.9999908643200386, 0.0004851713944688134 ]
[ 7.861797472377726e-12, 0.9999908786052802, 0.00048106914201806835 ]
[ 7.757595908821483e-12, 0.9999908556831592, 0.0004876493869499504 ]
[ 7.815997111355073e-12, 0.9999908686199965, 0.0004839370863337366 ]
[ 7.809481231105393e-12, 0.9999908671880471, 0.0004843481757183382 ]
[ 7.357773612007953e-12, 0.9999837285310252, 0.0009541456916473101 ]
[ 6.64517623614328e-9, 0.9995151467518028, 1.2809468965244803e-7 ]
[ 7.357773612007953e-12, 0.9999837285310252, 0.0009541456916473101 ]
[ 6.64517623614328e-9, 0.9995151467518028, 1.2809468965244803e-7 ]
[ 7.357773612007953e-12, 0.9999837285310252, 0.0009541456916473101 ]
[ 6.64517623614328e-9, 0.9995151467518028, 1.2809468965244803e-7 ]
[ 7.357773612007953e-12, 0.9999837285310252, 0.0009541456916473101 ]
[ 5.380531003403119e-7, 0.9999999983327015, 4.467611187333029e-12 ]
[ 6.64517623614328e-9, 0.9995151467518028, 1.2809468965244803e-7 ]
[ 0.013996472823662705, 0.015606915950355404, 2.300159534576694e-9 ]
[ 5.409974901608181e-7, 0.9999999983243975, 4.4728920919415345e-12 ]
[ 3.723443726580362e-9, 0.9996990482700193, 1.0383287113028475e-7 ]
[ 7.688169478185953e-12, 0.9999836976557692, 0.0009225569687667055 ]
[ 0.0021532599724226526, 0.9979448459929787, 8.908431667230623e-9 ]
[ 0.006862363949436039, 2.6729432128181433e-7, 0.9904711546031019 ]
[ 1.2877122229830908e-11, 0.9958275877817194, 0.002073000826349999 ]
[ 7.357773612007953e-12, 0.9999837285310252, 0.0009541456916473101 ]
[ 6.64517623614328e-9, 0.9995151467518028, 1.2809468965244803e-7 ]
[ 0.0007951787911157024, 6.238749856940688e-9, 0.9999676739294582 ]
[ 0.0019881898390151794, 1.3877324674957628e-9, 0.999986999957547 ]
[ 3.0937610681473593e-12, 0.00009561669328114561, 0.9981583079888025 ]
[ 7.357773612007953e-12, 0.9999837285310252, 0.0009541456916473101 ]
[ 6.64517623614328e-9, 0.9995151467518028, 1.2809468965244803e-7 ]
[ 0.0019881898390151794, 1.3877324674957628e-9, 0.999986999957547 ]
[ 0.0007951787911157024, 6.238749856940688e-9, 0.9999676739294582 ]
[ 7.357773612007953e-12, 0.9999837285310252, 0.0009541456916473101 ]
[ 6.64517623614328e-9, 0.9995151467518028, 1.2809468965244803e-7 ]
[ 7.357773612007953e-12, 0.9999837285310252, 0.0009541456916473101 ]
[ 6.64517623614328e-9, 0.9995151467518028, 1.2809468965244803e-7 ]
[ 7.357773612007953e-12, 0.9999837285310252, 0.0009541456916473101 ]
[ 6.64517623614328e-9, 0.9995151467518028, 1.2809468965244803e-7 ]
[ 7.357773612007953e-12, 0.9999837285310252, 0.0009541456916473101 ]
[ 6.64517623614328e-9, 0.9995151467518028, 1.2809468965244803e-7 ]
[ 7.357773612007953e-12, 0.9999837285310252, 0.0009541456916473101 ]
[ 6.64517623614328e-9, 0.9995151467518028, 1.2809468965244803e-7 ]
[ 0.9999608929037942, 0.00017611530525336592, 3.837757454265705e-7 ]
[ 0.9999218681463342, 2.2511901486237226e-13, 0.000008673972464838854 ]
[ 7.357773612007953e-12, 0.9999837285310252, 0.0009541456916473101 ]
[ 6.64517623614328e-9, 0.9995151467518028, 1.2809468965244803e-7 ]
[ 0.9976315531498328, 0.000022739333431503884, 1.9063429189077114e-11 ]
[ 0.9985151249681719, 0.004185435628065165, 9.87811570508866e-7 ]
[ 0.9984478356288452, 0.004324436446768382, 9.973848510556913e-7 ]
[ 0.9978680515486393, 0.000021090140048303903, 1.893052363948177e-11 ]
[ 7.357773612007953e-12, 0.9999837285310252, 0.0009541456916473101 ]
[ 6.64517623614328e-9, 0.9995151467518028, 1.2809468965244803e-7 ]
[ 7.357773612007953e-12, 0.9999837285310252, 0.0009541456916473101 ]
[ 6.64517623614328e-9, 0.9995151467518028, 1.2809468965244803e-7 ]
[ 0.00008443325906077473, 0.9938836605920316, 0.0014281204771500135 ]
[ 0.9999999998010829, 3.499650961164444e-10, 1.1945485129449709e-14 ]
[ 0.00010490717029861014, 0.992894728994415, 0.001320555150713328 ]
[ 6.918117459095197e-12, 0.9999837603681896, 0.001001024036922861 ]
[ 0.0021532599724226526, 0.9979448459929787, 8.908431667230623e-9 ]
[ 6.64517623614328e-9, 0.9995151467518028, 1.2809468965244803e-7 ]
[ 7.357773612007953e-12, 0.9999837285310252, 0.0009541456916473101 ]
[ 1.2877122229830908e-11, 0.9958275877817194, 0.002073000826349999 ]
[ 6.64517623614328e-9, 0.9995151467518028, 1.2809468965244803e-7 ]
[ 0.0007951787911157024, 6.238749856940688e-9, 0.9999676739294582 ]
[ 0.0019881898390151794, 1.3877324674957628e-9, 0.999986999957547 ]
[ 7.357773612007953e-12, 0.9999837285310252, 0.0009541456916473101 ]
[ 6.64517623614328e-9, 0.9995151467518028, 1.2809468965244803e-7 ]
[ 0.0019881898390151794, 1.3877324674957628e-9, 0.999986999957547 ]
[ 0.0007951787911157024, 6.238749856940688e-9, 0.9999676739294582 ]
[ 7.357773612007953e-12, 0.9999837285310252, 0.0009541456916473101 ]
[ 6.64517623614328e-9, 0.9995151467518028, 1.2809468965244803e-7 ]
[ 7.357773612007953e-12, 0.9999837285310252, 0.0009541456916473101 ]
[ 6.64517623614328e-9, 0.9995151467518028, 1.2809468965244803e-7 ]
[ 7.357773612007953e-12, 0.9999837285310252, 0.0009541456916473101 ]
[ 6.64517623614328e-9, 0.9995151467518028, 1.2809468965244803e-7 ]
[ 7.357773612007953e-12, 0.9999837285310252, 0.0009541456916473101 ]
[ 6.64517623614328e-9, 0.9995151467518028, 1.2809468965244803e-7 ]
[ 7.357773612007953e-12, 0.9999837285310252, 0.0009541456916473101 ]
[ 0.9987982419904288, 0.000022151107005183528, 0.00006014570878729462 ]
[ 6.64517623614328e-9, 0.9995151467518028, 1.2809468965244803e-7 ]
[ 7.357773612007953e-12, 0.9999837285310252, 0.0009541456916473101 ]
[ 6.64517623614328e-9, 0.9995151467518028, 1.2809468965244803e-7 ]
[ 7.357773612007953e-12, 0.9999837285310252, 0.0009541456916473101 ]
[ 6.64517623614328e-9, 0.9995151467518028, 1.2809468965244803e-7 ]
[ 0.9999248992713187, 0.0006554163671224616, 1.4558023147572489e-7 ]
[ 0.006862363949436039, 2.6729432128181433e-7, 0.9904711546031019 ]
[ 0.0021532599724226526, 0.9979448459929787, 8.908431667230623e-9 ]
[ 1.2877122229830908e-11, 0.9958275877817194, 0.002073000826349999 ]
[ 3.0937610681473593e-12, 0.00009561669328114561, 0.9981583079888025 ]
[ 0.0007951787911157024, 6.238749856940688e-9, 0.9999676739294582 ]
[ 0.0019881898390151794, 1.3877324674957628e-9, 0.999986999957547 ]
[ 7.357773612007953e-12, 0.9999837285310252, 0.0009541456916473101 ]
[ 6.64517623614328e-9, 0.9995151467518028, 1.2809468965244803e-7 ]
[ 0.0019881898390151794, 1.3877324674957628e-9, 0.999986999957547 ]
[ 7.357773612007953e-12, 0.9999837285310252, 0.0009541456916473101 ]
[ 0.0007951787911157024, 6.238749856940688e-9, 0.9999676739294582 ]
[ 6.64517623614328e-9, 0.9995151467518028, 1.2809468965244803e-7 ]
[ 7.357773612007953e-12, 0.9999837285310252, 0.0009541456916473101 ]
[ 6.64517623614328e-9, 0.9995151467518028, 1.2809468965244803e-7 ]
[ 0.9813255364955394, 0.0000021953188745656037, 0.007063950098692549 ]
[ 0.9841641975823786, 2.8002381978663813e-14, 0.0019898159651845584 ]
[ 8.02137403470816e-12, 0.9999909123303333, 0.00047136375810411077 ]
[ 7.783484998510422e-12, 0.9999908614465628, 0.00048599599862335504 ]
[ 7.796469659281368e-12, 0.9999908643200386, 0.0004851713944688134 ]
[ 7.861797472377726e-12, 0.9999908786052802, 0.00048106914201806835 ]
[ 7.757595908821483e-12, 0.9999908556831592, 0.0004876493869499504 ]
[ 7.815997111355073e-12, 0.9999908686199965, 0.0004839370863337366 ]
[ 7.809481231105393e-12, 0.9999908671880471, 0.0004843481757183382 ]
[ 7.357773612007953e-12, 0.9999837285310252, 0.0009541456916473101 ]
[ 6.64517623614328e-9, 0.9995151467518028, 1.2809468965244803e-7 ]
[ 7.357773612007953e-12, 0.9999837285310252, 0.0009541456916473101 ]
[ 6.64517623614328e-9, 0.9995151467518028, 1.2809468965244803e-7 ]
[ 0.0010166687730018286, 0.9989321579102581, 8.101190266357241e-9 ]
[ 0.013679093753192926, 0.9773617615150044, 2.590885089893294e-17 ]
[ 7.357773612007953e-12, 0.9999837285310252, 0.0009541456916473101 ]
[ 6.64517623614328e-9, 0.9995151467518028, 1.2809468965244803e-7 ]
[ 7.357773612007953e-12, 0.9999837285310252, 0.0009541456916473101 ]
[ 6.64517623614328e-9, 0.9995151467518028, 1.2809468965244803e-7 ]
[ 0.0021532599724226526, 0.9979448459929787, 8.908431667230623e-9 ]
[ 1.2877122229830908e-11, 0.9958275877817194, 0.002073000826349999 ]
[ 7.357773612007953e-12, 0.9999837285310252, 0.0009541456916473101 ]
[ 6.64517623614328e-9, 0.9995151467518028, 1.2809468965244803e-7 ]
[ 0.0007951787911157024, 6.238749856940688e-9, 0.9999676739294582 ]
[ 0.0019881898390151794, 1.3877324674957628e-9, 0.999986999957547 ]
[ 7.357773612007953e-12, 0.9999837285310252, 0.0009541456916473101 ]
[ 3.723443726580362e-9, 0.9996990482700193, 1.0383287113028475e-7 ]
[ 7.688169478185953e-12, 0.9999836976557692, 0.0009225569687667055 ]
[ 6.64517623614328e-9, 0.9995151467518028, 1.2809468965244803e-7 ]
[ 0.0019881898390151794, 1.3877324674957628e-9, 0.999986999957547 ]
[ 7.357773612007953e-12, 0.9999837285310252, 0.0009541456916473101 ]
[ 6.64517623614328e-9, 0.9995151467518028, 1.2809468965244803e-7 ]
[ 0.0007951787911157024, 6.238749856940688e-9, 0.9999676739294582 ]
[ 7.357773612007953e-12, 0.9999837285310252, 0.0009541456916473101 ]
[ 6.64517623614328e-9, 0.9995151467518028, 1.2809468965244803e-7 ]
[ 7.357773612007953e-12, 0.9999837285310252, 0.0009541456916473101 ]
[ 6.64517623614328e-9, 0.9995151467518028, 1.2809468965244803e-7 ]
[ 7.357773612007953e-12, 0.9999837285310252, 0.0009541456916473101 ]
[ 6.64517623614328e-9, 0.9995151467518028, 1.2809468965244803e-7 ]
[ 7.357773612007953e-12, 0.9999837285310252, 0.0009541456916473101 ]
[ 6.64517623614328e-9, 0.9995151467518028, 1.2809468965244803e-7 ]
[ 0.9984478356288452, 0.004324436446768382, 9.973848510556913e-7 ]
[ 7.357773612007953e-12, 0.9999837285310252, 0.0009541456916473101 ]
[ 0.00004435084139703847, 0.9920445434214291, 0.0036349129040527087 ]
[ 0.9999688833368766, 0.0001286822505112141, 2.8638175302504116e-7 ]
[ 0.9978680515486393, 0.000021090140048303903, 1.893052363948177e-11 ]
[ 0.9976315531498328, 0.000022739333431503884, 1.9063429189077114e-11 ]
[ 0.9985151249681719, 0.004185435628065165, 9.87811570508866e-7 ]
[ 6.64517623614328e-9, 0.9995151467518028, 1.2809468965244803e-7 ]
[ 7.357773612007953e-12, 0.9999837285310252, 0.0009541456916473101 ]
[ 6.64517623614328e-9, 0.9995151467518028, 1.2809468965244803e-7 ]
[ 7.357773612007953e-12, 0.9999837285310252, 0.0009541456916473101 ]
[ 0.00008443325906077473, 0.9938836605920316, 0.0014281204771500135 ]
[ 0.006862363949436039, 2.6729432128181433e-7, 0.9904711546031019 ]
[ 6.64517623614328e-9, 0.9995151467518028, 1.2809468965244803e-7 ]
[ 0.9999999998010829, 3.499650961164444e-10, 1.1945485129449709e-14 ]
[ 0.00010490717029861014, 0.992894728994415, 0.001320555150713328 ]
[ 3.0937610681473593e-12, 0.00009561669328114561, 0.9981583079888025 ]
[ 0.0021532599724226526, 0.9979448459929787, 8.908431667230623e-9 ]
[ 1.2877122229830908e-11, 0.9958275877817194, 0.002073000826349999 ]
[ 7.357773612007953e-12, 0.9999837285310252, 0.0009541456916473101 ]
[ 6.64517623614328e-9, 0.9995151467518028, 1.2809468965244803e-7 ]
[ 0.0007951787911157024, 6.238749856940688e-9, 0.9999676739294582 ]
[ 0.0019881898390151794, 1.3877324674957628e-9, 0.999986999957547 ]
[ 7.357773612007953e-12, 0.9999837285310252, 0.0009541456916473101 ]
[ 6.64517623614328e-9, 0.9995151467518028, 1.2809468965244803e-7 ]
[ 6.918117459095197e-12, 0.9999837603681896, 0.001001024036922861 ]
[ 6.64517623614328e-9, 0.9995151467518028, 1.2809468965244803e-7 ]
[ 0.00004435084139703847, 0.9920445434214291, 0.0036349129040527087 ]
[ 0.9999686667393508, 0.00013052140353173768, 2.895715194456407e-7 ]
[ 0.000002487185257877187, 0.9943084175577847, 0.047562075123496916 ]
[ 0.9999686785270314, 0.0001304201983561777, 2.8939909189010724e-7 ]
[ 7.139006583284459e-8, 0.9880794134507817, 0.7660183411680803 ]
[ 0.9999688987231072, 0.00012855317557153921, 2.861534195040309e-7 ]
[ 0.00011658143792249594, 0.9885796398600147, 0.001863306253089345 ]
[ 0.0019881898390151794, 1.3877324674957628e-9, 0.999986999957547 ]
[ 0.999968684431775, 0.00013036955251527957, 2.8931266867877894e-7 ]
[ 0.000021381885994186597, 0.9934316137548888, 0.006434186037886428 ]
[ 0.9999687140643236, 0.00013011589220959829, 2.8887845518312697e-7 ]
[ 3.736121338094755e-8, 0.00031450845762753045, 0.9988700110715816 ]
[ 7.357773612007953e-12, 0.9999837285310252, 0.0009541456916473101 ]
[ 6.64517623614328e-9, 0.9995151467518028, 1.2809468965244803e-7 ]
[ 0.0007951787911157024, 6.238749856940688e-9, 0.9999676739294582 ]
[ 0.0011660152893599566, 1.282293294363713e-9, 0.9997698407952178 ]
[ 3.787444183469887e-8, 0.000309681603423549, 0.9988770501661869 ]
[ 2.1096660836636635e-8, 0.0006011037736538763, 0.9985278759831545 ]
[ 0.0011931336548939757, 1.2603962545568747e-9, 0.9997738535740673 ]
[ 1.3915398328138844e-7, 0.0000016295889113750538, 0.970995464878336 ]
[ 1.3915398328138844e-7, 0.0000016295889113750538, 0.970995464878336 ]
[ 7.745709962444622e-7, 4.236745134690226e-7, 0.9889441431146626 ]
[ 3.787444183469887e-8, 0.000309681603423549, 0.9988770501661869 ]
[ 3.787444183469887e-8, 0.000309681603423549, 0.9988770501661869 ]
[ 3.787444183469887e-8, 0.000309681603423549, 0.9988770501661869 ]
[ 7.357773612007953e-12, 0.9999837285310252, 0.0009541456916473101 ]
[ 0.0011424660051137351, 1.3020749111084036e-9, 0.999766249928578 ]
[ 3.787444183469887e-8, 0.000309681603423549, 0.9988770501661869 ]
[ 2.7001617605619177e-8, 0.00045445445729681204, 0.9986876642844252 ]
[ 6.64517623614328e-9, 0.9995151467518028, 1.2809468965244803e-7 ]
[ 0.00048736914645913586, 2.501987890930202e-9, 0.9995860403894808 ]
[ 3.787444183469887e-8, 0.000309681603423549, 0.9988770501661869 ]
[ 2.294578695461663e-8, 0.0005465125591783569, 0.9985845284858237 ]
[ 0.9987982419904288, 0.000022151107005183528, 0.00006014570878729462 ]
[ 0.0011931336548939757, 1.2603962545568747e-9, 0.9997738535740673 ]
[ 7.357773612007953e-12, 0.9999837285310252, 0.0009541456916473101 ]
[ 6.64517623614328e-9, 0.9995151467518028, 1.2809468965244803e-7 ]
[ 0.00022921256333309807, 4.520423001936114e-9, 0.9993604466615639 ]
[ 3.787444183469887e-8, 0.000309681603423549, 0.9988770501661869 ]
[ 7.357773612007953e-12, 0.9999837285310252, 0.0009541456916473101 ]
[ 6.64517623614328e-9, 0.9995151467518028, 1.2809468965244803e-7 ]
[ 0.9999248992713187, 0.0006554163671224616, 1.4558023147572489e-7 ]
[ 7.357773612007953e-12, 0.9999837285310252, 0.0009541456916473101 ]
[ 6.64517623614328e-9, 0.9995151467518028, 1.2809468965244803e-7 ]
[ 7.357773612007953e-12, 0.9999837285310252, 0.0009541456916473101 ]
[ 6.64517623614328e-9, 0.9995151467518028, 1.2809468965244803e-7 ]
[ 0.001672826927235062, 0.9983457090481209, 8.5163302939667e-9 ]
[ 1.2877122229830908e-11, 0.9958275877817194, 0.002073000826349999 ]
[ 1.3498310228639292e-11, 0.9954632015238779, 0.001817661220252908 ]
[ 0.0021532599724226526, 0.9979448459929787, 8.908431667230623e-9 ]
[ 7.357773612007953e-12, 0.9999837285310252, 0.0009541456916473101 ]
[ 6.64517623614328e-9, 0.9995151467518028, 1.2809468965244803e-7 ]
[ 0.9999779638675856, 0.0002060464902807682, 3.315039443246476e-11 ]
[ 0.9999771239684238, 0.0002478076060365547, 1.6787851564430438e-7 ]
[ 7.357773612007953e-12, 0.9999837285310252, 0.0009541456916473101 ]
[ 6.64517623614328e-9, 0.9995151467518028, 1.2809468965244803e-7 ]
[ 7.357773612007953e-12, 0.9999837285310252, 0.0009541456916473101 ]
[ 6.64517623614328e-9, 0.9995151467518028, 1.2809468965244803e-7 ]
[ 0.0007951787911157024, 6.238749856940688e-9, 0.9999676739294582 ]
[ 0.0019881898390151794, 1.3877324674957628e-9, 0.999986999957547 ]
[ 7.357773612007953e-12, 0.9999837285310252, 0.0009541456916473101 ]
[ 6.64517623614328e-9, 0.9995151467518028, 1.2809468965244803e-7 ]
[ 7.357773612007953e-12, 0.9999837285310252, 0.0009541456916473101 ]
[ 0.0019881898390151794, 1.3877324674957628e-9, 0.999986999957547 ]
[ 6.64517623614328e-9, 0.9995151467518028, 1.2809468965244803e-7 ]
[ 0.9996577287245226, 0.003760770289822695, 5.334895796279596e-17 ]
[ 0.0007951787911157024, 6.238749856940688e-9, 0.9999676739294582 ]
[ 7.357773612007953e-12, 0.9999837285310252, 0.0009541456916473101 ]
[ 6.64517623614328e-9, 0.9995151467518028, 1.2809468965244803e-7 ]
[ 8.02137403470816e-12, 0.9999909123303333, 0.00047136375810411077 ]
[ 7.783484998510422e-12, 0.9999908614465628, 0.00048599599862335504 ]
[ 7.796469659281368e-12, 0.9999908643200386, 0.0004851713944688134 ]
[ 7.861797472377726e-12, 0.9999908786052802, 0.00048106914201806835 ]
[ 7.757595908821483e-12, 0.9999908556831592, 0.0004876493869499504 ]
[ 7.815997111355073e-12, 0.9999908686199965, 0.0004839370863337366 ]
[ 7.809481231105393e-12, 0.9999908671880471, 0.0004843481757183382 ]
[ 0.9998988602656872, 0.0007869012421415237, 2.013675087168019e-7 ]
[ 7.629377247205282e-11, 0.9999975093695503, 0.7428224790503923 ]
[ 0.9999914815890942, 0.000017011297678761808, 4.957766075105099e-8 ]
[ 0.9995219395625312, 0.0029420235503387513, 1.6236437024068839e-7 ]
[ 7.357773612007953e-12, 0.9999837285310252, 0.0009541456916473101 ]
[ 6.64517623614328e-9, 0.9995151467518028, 1.2809468965244803e-7 ]
[ 0.9991584067049134, 0.010296767984937533, 3.06362920297948e-17 ]
[ 7.357773612007953e-12, 0.9999837285310252, 0.0009541456916473101 ]
[ 0.9998988602656872, 0.0007869012421415237, 2.013675087168019e-7 ]
[ 6.64517623614328e-9, 0.9995151467518028, 1.2809468965244803e-7 ]
[ 7.357773612007953e-12, 0.9999837285310252, 0.0009541456916473101 ]
[ 6.64517623614328e-9, 0.9995151467518028, 1.2809468965244803e-7 ]
[ 7.357773612007953e-12, 0.9999837285310252, 0.0009541456916473101 ]
[ 6.64517623614328e-9, 0.9995151467518028, 1.2809468965244803e-7 ]
[ 0.0021532599724226526, 0.9979448459929787, 8.908431667230623e-9 ]
[ 1.2877122229830908e-11, 0.9958275877817194, 0.002073000826349999 ]
[ 5.380531003403119e-7, 0.9999999983327015, 4.467611187333029e-12 ]
[ 7.357773612007953e-12, 0.9999837285310252, 0.0009541456916473101 ]
[ 0.013996472823662705, 0.015606915950355404, 2.300159534576694e-9 ]
[ 5.409974901608181e-7, 0.9999999983243975, 4.4728920919415345e-12 ]
[ 6.64517623614328e-9, 0.9995151467518028, 1.2809468965244803e-7 ]
[ 0.006862363949436039, 2.6729432128181433e-7, 0.9904711546031019 ]
[ 7.357773612007953e-12, 0.9999837285310252, 0.0009541456916473101 ]
[ 6.64517623614328e-9, 0.9995151467518028, 1.2809468965244803e-7 ]
[ 3.0937610681473593e-12, 0.00009561669328114561, 0.9981583079888025 ]
[ 0.0007951787911157024, 6.238749856940688e-9, 0.9999676739294582 ]
[ 0.0019881898390151794, 1.3877324674957628e-9, 0.999986999957547 ]
[ 7.357773612007953e-12, 0.9999837285310252, 0.0009541456916473101 ]
[ 6.64517623614328e-9, 0.9995151467518028, 1.2809468965244803e-7 ]
[ 0.9997137437503664, 0.004216709895720931, 6.22330518481911e-8 ]
[ 0.9999999998199063, 3.0533456426367e-10, 1.1939548509958105e-14 ]
[ 7.357773612007953e-12, 0.9999837285310252, 0.0009541456916473101 ]
[ 0.0019881898390151794, 1.3877324674957628e-9, 0.999986999957547 ]
[ 6.64517623614328e-9, 0.9995151467518028, 1.2809468965244803e-7 ]
[ 0.9997229909084667, 0.004065115489255768, 6.304392185014689e-8 ]
[ 0.0007951787911157024, 6.238749856940688e-9, 0.9999676739294582 ]
[ 7.357773612007953e-12, 0.9999837285310252, 0.0009541456916473101 ]
[ 0.006165559087112556, 2.857174960675494e-7, 0.9905925182827235 ]
[ 2.606013406877082e-12, 0.0001077882310962501, 0.9981336801794004 ]
[ 6.64517623614328e-9, 0.9995151467518028, 1.2809468965244803e-7 ]
[ 3.723443726580362e-9, 0.9996990482700193, 1.0383287113028475e-7 ]
[ 7.688169478185953e-12, 0.9999836976557692, 0.0009225569687667055 ]
[ 7.357773612007953e-12, 0.9999837285310252, 0.0009541456916473101 ]
[ 6.64517623614328e-9, 0.9995151467518028, 1.2809468965244803e-7 ]
[ 7.357773612007953e-12, 0.9999837285310252, 0.0009541456916473101 ]
[ 6.64517623614328e-9, 0.9995151467518028, 1.2809468965244803e-7 ]
[ 0.9976315531498328, 0.000022739333431503884, 1.9063429189077114e-11 ]
[ 0.9984478356288452, 0.004324436446768382, 9.973848510556913e-7 ]
[ 0.9976315531498328, 0.000022739333431503884, 1.9063429189077114e-11 ]
[ 0.9985151249681719, 0.004185435628065165, 9.87811570508866e-7 ]
[ 0.9984478356288452, 0.004324436446768382, 9.973848510556913e-7 ]
[ 0.9978680515486393, 0.000021090140048303903, 1.893052363948177e-11 ]
[ 0.9976315531498328, 0.000022739333431503884, 1.9063429189077114e-11 ]
[ 0.9978680515486393, 0.000021090140048303903, 1.893052363948177e-11 ]
[ 0.9985151249681719, 0.004185435628065165, 9.87811570508866e-7 ]
[ 7.357773612007953e-12, 0.9999837285310252, 0.0009541456916473101 ]
[ 6.64517623614328e-9, 0.9995151467518028, 1.2809468965244803e-7 ]
[ 0.0021532599724226526, 0.9979448459929787, 8.908431667230623e-9 ]
[ 1.2877122229830908e-11, 0.9958275877817194, 0.002073000826349999 ]
[ 7.357773612007953e-12, 0.9999837285310252, 0.0009541456916473101 ]
[ 6.64517623614328e-9, 0.9995151467518028, 1.2809468965244803e-7 ]
[ 7.357773612007953e-12, 0.9999837285310252, 0.0009541456916473101 ]
[ 0.9931702129590353, 0.000034293844837897406, 0.0002670088380141714 ]
[ 0.9999669250846137, 0.00016497860282045355, 2.9727435598293286e-7 ]
[ 5.505471110538778e-7, 0.9999999982978829, 4.489451236136364e-12 ]
[ 0.00008443325906077473, 0.9938836605920316, 0.0014281204771500135 ]
[ 6.64517623614328e-9, 0.9995151467518028, 1.2809468965244803e-7 ]
[ 0.3256703875102546, 0.012755402966432053, 5.012328032311009e-13 ]
[ 5.506354197405124e-7, 0.9999999982975949, 4.489700341680892e-12 ]
[ 5.49827149484306e-7, 0.9999999983002155, 4.487454941477859e-12 ]
[ 0.9999999998010829, 3.499650961164444e-10, 1.1945485129449709e-14 ]
[ 0.354743460883332, 0.011464453007270012, 5.070136614870558e-13 ]
[ 0.00010490717029861014, 0.992894728994415, 0.001320555150713328 ]
[ 0.025812263829941434, 0.12632635195834757, 3.93638853603749e-13 ]
[ 0.354743460883332, 0.011464453007270012, 5.070136614870558e-13 ]
[ 5.506354197405124e-7, 0.9999999982975949, 4.489700341680892e-12 ]
[ 5.506354197405124e-7, 0.9999999982975949, 4.489700341680892e-12 ]
[ 5.506354197405124e-7, 0.9999999982975949, 4.489700341680892e-12 ]
[ 0.354743460883332, 0.011464453007270012, 5.070136614870558e-13 ]
[ 7.357773612007953e-12, 0.9999837285310252, 0.0009541456916473101 ]
[ 6.64517623614328e-9, 0.9995151467518028, 1.2809468965244803e-7 ]
[ 2.087573582657344e-10, 0.9999987926997164, 0.366178630231763 ]
[ 0.9999961730914589, 0.000005909976904367726, 1.634776492169309e-8 ]
[ 3.3402502579367384e-9, 0.9999925531343906, 0.1354826267718513 ]
[ 0.9999996406816963, 3.3355797314906303e-9, 4.2405783934701543e-10 ]
[ 3.355642282608173e-9, 0.9999925293883767, 0.13528703641381065 ]
[ 2.928107436193075e-9, 0.9999932081930515, 0.14083996012021097 ]
[ 0.9999996365998843, 3.390774654894355e-9, 4.314673441954071e-10 ]
[ 7.357773612007953e-12, 0.9999837285310252, 0.0009541456916473101 ]
[ 0.9999997605951134, 1.8338252129156192e-9, 2.260481978867858e-10 ]
[ 3.355642282608173e-9, 0.9999925293883767, 0.13528703641381065 ]
[ 3.355642282608173e-9, 0.9999925293883767, 0.13528703641381065 ]
[ 0.9999996365998843, 3.390774654894355e-9, 4.314673441954071e-10 ]
[ 3.355642282608173e-9, 0.9999925293883767, 0.13528703641381065 ]
[ 2.0179869009383394e-10, 0.9999987597055906, 0.37963588370959345 ]
[ 2.0179869009383394e-10, 0.9999987597055906, 0.37963588370959345 ]
[ 6.64517623614328e-9, 0.9995151467518028, 1.2809468965244803e-7 ]
[ 7.357773612007953e-12, 0.9999837285310252, 0.0009541456916473101 ]
[ 0.9999948978850745, 0.000008490427977446844, 2.4477721239794967e-8 ]
[ 0.9999949229965599, 0.000008437684194801127, 2.4309118972241408e-8 ]
[ 6.64517623614328e-9, 0.9995151467518028, 1.2809468965244803e-7 ]
[ 7.357773612007953e-12, 0.9999837285310252, 0.0009541456916473101 ]
[ 0.9987982419904288, 0.000022151107005183528, 0.00006014570878729462 ]
[ 0.9999550270684582, 0.0005118159897403945, 1.3297189289864014e-7 ]
[ 6.64517623614328e-9, 0.9995151467518028, 1.2809468965244803e-7 ]
[ 0.9999999997380666, 4.1179757948330327e-10, 1.1949720442638649e-14 ]
[ 0.9999550996250564, 0.0005109224673892205, 1.3305087762348425e-7 ]
[ 7.357773612007953e-12, 0.9999837285310252, 0.0009541456916473101 ]
[ 6.64517623614328e-9, 0.9995151467518028, 1.2809468965244803e-7 ]
[ 7.357773612007953e-12, 0.9999837285310252, 0.0009541456916473101 ]
[ 0.0007951787911157024, 6.238749856940688e-9, 0.9999676739294582 ]
[ 0.0019881898390151794, 1.3877324674957628e-9, 0.999986999957547 ]
[ 6.64517623614328e-9, 0.9995151467518028, 1.2809468965244803e-7 ]
[ 7.357773612007953e-12, 0.9999837285310252, 0.0009541456916473101 ]
[ 0.9999248992713187, 0.0006554163671224616, 1.4558023147572489e-7 ]
[ 6.64517623614328e-9, 0.9995151467518028, 1.2809468965244803e-7 ]
[ 0.0019881898390151794, 1.3877324674957628e-9, 0.999986999957547 ]
[ 0.0007951787911157024, 6.238749856940688e-9, 0.9999676739294582 ]
[ 7.357773612007953e-12, 0.9999837285310252, 0.0009541456916473101 ]
[ 6.64517623614328e-9, 0.9995151467518028, 1.2809468965244803e-7 ]
[ 6.918117459095197e-12, 0.9999837603681896, 0.001001024036922861 ]
[ 6.64517623614328e-9, 0.9995151467518028, 1.2809468965244803e-7 ]
[ 7.357773612007953e-12, 0.9999837285310252, 0.0009541456916473101 ]
[ 6.64517623614328e-9, 0.9995151467518028, 1.2809468965244803e-7 ]
[ 0.9989768885706397, 0.005566441684099682, 1.0453159505604667e-7 ]
[ 0.999989886146303, 1.7416557039542245e-8, 1.3311143446265604e-9 ]
[ 0.9995379696894504, 0.0028204166907698056, 1.1955260428568519e-7 ]
[ 7.357773612007953e-12, 0.9999837285310252, 0.0009541456916473101 ]
[ 6.64517623614328e-9, 0.9995151467518028, 1.2809468965244803e-7 ]
[ 7.357773612007953e-12, 0.9999837285310252, 0.0009541456916473101 ]
[ 6.64517623614328e-9, 0.9995151467518028, 1.2809468965244803e-7 ]
[ 0.0021532599724226526, 0.9979448459929787, 8.908431667230623e-9 ]
[ 1.2877122229830908e-11, 0.9958275877817194, 0.002073000826349999 ]
[ 7.357773612007953e-12, 0.9999837285310252, 0.0009541456916473101 ]
[ 6.64517623614328e-9, 0.9995151467518028, 1.2809468965244803e-7 ]
[ 7.357773612007953e-12, 0.9999837285310252, 0.0009541456916473101 ]
[ 6.64517623614328e-9, 0.9995151467518028, 1.2809468965244803e-7 ]
[ 0.9999999997394278, 4.099830985449483e-10, 1.1962305762892335e-14 ]
[ 0.9999999997394278, 4.099830985449483e-10, 1.1962305762892335e-14 ]
[ 0.9999550996250564, 0.0005109224673892205, 1.3305087762348425e-7 ]
[ 0.9999550996250564, 0.0005109224673892205, 1.3305087762348425e-7 ]
[ 0.9999999997394278, 4.099830985449483e-10, 1.1962305762892335e-14 ]
[ 7.357773612007953e-12, 0.9999837285310252, 0.0009541456916473101 ]
[ 6.64517623614328e-9, 0.9995151467518028, 1.2809468965244803e-7 ]
[ 0.0007951787911157024, 6.238749856940688e-9, 0.9999676739294582 ]
[ 0.0019881898390151794, 1.3877324674957628e-9, 0.999986999957547 ]
[ 7.357773612007953e-12, 0.9999837285310252, 0.0009541456916473101 ]
[ 6.64517623614328e-9, 0.9995151467518028, 1.2809468965244803e-7 ]
[ 0.006862363949436039, 2.6729432128181433e-7, 0.9904711546031019 ]
[ 0.0019881898390151794, 1.3877324674957628e-9, 0.999986999957547 ]
[ 8.02137403470816e-12, 0.9999909123303333, 0.00047136375810411077 ]
[ 7.783484998510422e-12, 0.9999908614465628, 0.00048599599862335504 ]
[ 7.796469659281368e-12, 0.9999908643200386, 0.0004851713944688134 ]
[ 7.861797472377726e-12, 0.9999908786052802, 0.00048106914201806835 ]
[ 7.757595908821483e-12, 0.9999908556831592, 0.0004876493869499504 ]
[ 7.815997111355073e-12, 0.9999908686199965, 0.0004839370863337366 ]
[ 7.809481231105393e-12, 0.9999908671880471, 0.0004843481757183382 ]
[ 0.0007951787911157024, 6.238749856940688e-9, 0.9999676739294582 ]
[ 3.0937610681473593e-12, 0.00009561669328114561, 0.9981583079888025 ]
[ 7.357773612007953e-12, 0.9999837285310252, 0.0009541456916473101 ]
[ 6.64517623614328e-9, 0.9995151467518028, 1.2809468965244803e-7 ]
[ 7.357773612007953e-12, 0.9999837285310252, 0.0009541456916473101 ]
[ 6.64517623614328e-9, 0.9995151467518028, 1.2809468965244803e-7 ]
[ 7.357773612007953e-12, 0.9999837285310252, 0.0009541456916473101 ]
[ 6.64517623614328e-9, 0.9995151467518028, 1.2809468965244803e-7 ]
[ 7.357773612007953e-12, 0.9999837285310252, 0.0009541456916473101 ]
[ 6.64517623614328e-9, 0.9995151467518028, 1.2809468965244803e-7 ]
[ 0.0021532599724226526, 0.9979448459929787, 8.908431667230623e-9 ]
[ 1.2877122229830908e-11, 0.9958275877817194, 0.002073000826349999 ]
[ 7.357773612007953e-12, 0.9999837285310252, 0.0009541456916473101 ]
[ 6.64517623614328e-9, 0.9995151467518028, 1.2809468965244803e-7 ]
[ 7.357773612007953e-12, 0.9999837285310252, 0.0009541456916473101 ]
[ 6.64517623614328e-9, 0.9995151467518028, 1.2809468965244803e-7 ]
[ 7.357773612007953e-12, 0.9999837285310252, 0.0009541456916473101 ]
[ 6.64517623614328e-9, 0.9995151467518028, 1.2809468965244803e-7 ]
[ 7.357773612007953e-12, 0.9999837285310252, 0.0009541456916473101 ]
[ 6.64517623614328e-9, 0.9995151467518028, 1.2809468965244803e-7 ]
[ 0.0007951787911157024, 6.238749856940688e-9, 0.9999676739294582 ]
[ 0.0019881898390151794, 1.3877324674957628e-9, 0.999986999957547 ]
[ 7.357773612007953e-12, 0.9999837285310252, 0.0009541456916473101 ]
[ 6.64517623614328e-9, 0.9995151467518028, 1.2809468965244803e-7 ]
[ 0.0019881898390151794, 1.3877324674957628e-9, 0.999986999957547 ]
[ 0.0007951787911157024, 6.238749856940688e-9, 0.9999676739294582 ]
[ 7.357773612007953e-12, 0.9999837285310252, 0.0009541456916473101 ]
[ 6.64517623614328e-9, 0.9995151467518028, 1.2809468965244803e-7 ]
[ 7.357773612007953e-12, 0.9999837285310252, 0.0009541456916473101 ]
[ 6.64517623614328e-9, 0.9995151467518028, 1.2809468965244803e-7 ]
[ 7.357773612007953e-12, 0.9999837285310252, 0.0009541456916473101 ]
[ 6.64517623614328e-9, 0.9995151467518028, 1.2809468965244803e-7 ]
[ 3.723443726580362e-9, 0.9996990482700193, 1.0383287113028475e-7 ]